filterFile       DESz-Updated-620mm.dat   [AreaWeighted]
atmosphereFile   palomarextinct.dat                         
airmass              1.30                                   
altitude          2200.0                                    
primaryFile      CFHT_Primary_Transmission.txt              
correctorFile    CFHT_MegaPrime_Transmission.txt            
ccdQEFile        qe173K_edit.dat x 0.88                     
                                                            
typedef struct {                                            
float wavelength;                                           
float full size filter;                                               
float atmosphere;                                           
float primary;                                              
float corrector;                                            
float ccd_qe;                                               
float total;                                                
} TRANSMISSION;                                             
FORTRAN FORMAT STATEMENT -- FORMAT('TRANMISSION',5X,F8.2,5X,F11.8,5X,F8.5,5X,F8.5,5X,F8.5,5X,F8.5,5X,F8.5)

TRANMISSION      3000.00      0.20898400      0.00004      0.00000      0.00000      0.00000      0.00000
TRANMISSION      3010.00      0.20281500      0.01328      0.92306      0.00000      0.00000      0.00000
TRANMISSION      3020.00      0.19005500      0.02652      0.92312      0.00001      0.00000      0.00000
TRANMISSION      3030.00      0.18931400      0.03976      0.92320      0.00003      0.00000      0.00000
TRANMISSION      3040.00      0.19664500      0.05299      0.92328      0.00009      0.00000      0.00000
TRANMISSION      3050.00      0.19153000      0.06623      0.92336      0.00023      0.00000      0.00000
TRANMISSION      3060.00      0.18553100      0.07947      0.92344      0.00056      0.00000      0.00000
TRANMISSION      3070.00      0.17935600      0.09270      0.92353      0.00124      0.00000      0.00000
TRANMISSION      3080.00      0.17180400      0.10594      0.92361      0.00252      0.00000      0.00000
TRANMISSION      3090.00      0.17117200      0.11918      0.92369      0.00481      0.00000      0.00000
TRANMISSION      3100.00      0.17330900      0.13241      0.92376      0.00872      0.00000      0.00000
TRANMISSION      3110.00      0.16691900      0.14565      0.92383      0.01323      0.00000      0.00000
TRANMISSION      3120.00      0.16482600      0.15889      0.92389      0.01954      0.00000      0.00000
TRANMISSION      3130.00      0.16291100      0.17213      0.92394      0.02819      0.00000      0.00000
TRANMISSION      3140.00      0.15306100      0.18536      0.92398      0.03981      0.00000      0.00000
TRANMISSION      3150.00      0.16669100      0.19860      0.92400      0.05513      0.00000      0.00000
TRANMISSION      3160.00      0.15507800      0.22326      0.92401      0.07497      0.00000      0.00000
TRANMISSION      3170.00      0.16056200      0.23951      0.92401      0.10018      0.00000      0.00000
TRANMISSION      3180.00      0.16900100      0.25522      0.92400      0.13172      0.00000      0.00000
TRANMISSION      3190.00      0.15840000      0.27045      0.92400      0.17064      0.00000      0.00000
TRANMISSION      3200.00      0.15186300      0.28532      0.92400      0.21818      0.00000      0.00000
TRANMISSION      3210.00      0.18273900      0.29833      0.92401      0.24452      0.00000      0.00000
TRANMISSION      3220.00      0.18114300      0.31020      0.92403      0.27255      0.00000      0.00000
TRANMISSION      3230.00      0.16766500      0.32075      0.92406      0.30211      0.00000      0.00000
TRANMISSION      3240.00      0.16948500      0.33055      0.92409      0.33326      0.00000      0.00000
TRANMISSION      3250.00      0.17976400      0.34027      0.92413      0.36602      0.17600      0.00364
TRANMISSION      3260.00      0.16684200      0.34872      0.92418      0.40032      0.18058      0.00389
TRANMISSION      3270.00      0.16590800      0.35618      0.92424      0.43625      0.18515      0.00441
TRANMISSION      3280.00      0.16729700      0.36462      0.92429      0.47381      0.18973      0.00507
TRANMISSION      3290.00      0.16656700      0.37284      0.92435      0.51311      0.19430      0.00572
TRANMISSION      3300.00      0.16728900      0.38040      0.92442      0.55414      0.19888      0.00648
TRANMISSION      3310.00      0.17204900      0.38775      0.92448      0.56823      0.20346      0.00713
TRANMISSION      3320.00      0.16762900      0.39509      0.92455      0.58185      0.20803      0.00741
TRANMISSION      3330.00      0.16428800      0.40159      0.92462      0.59507      0.21261      0.00772
TRANMISSION      3340.00      0.16491500      0.40808      0.92468      0.60783      0.21718      0.00821
TRANMISSION      3350.00      0.16680500      0.41361      0.92474      0.62038      0.22176      0.00878
TRANMISSION      3360.00      0.16666700      0.41914      0.92480      0.63292      0.22634      0.00925
TRANMISSION      3370.00      0.16581700      0.42315      0.92486      0.64526      0.23091      0.00967
TRANMISSION      3380.00      0.15912400      0.42716      0.92491      0.65750      0.23549      0.00973
TRANMISSION      3390.00      0.14797200      0.43125      0.92496      0.66967      0.24006      0.00949
TRANMISSION      3400.00      0.14512500      0.43533      0.92500      0.68204      0.24464      0.00975
TRANMISSION      3410.00      0.14888600      0.43840      0.92503      0.68594      0.24922      0.01032
TRANMISSION      3420.00      0.13961100      0.44146      0.92506      0.68987      0.25379      0.00998
TRANMISSION      3430.00      0.13359300      0.44452      0.92508      0.69379      0.25837      0.00985
TRANMISSION      3440.00      0.13924700      0.44758      0.92510      0.69778      0.26294      0.01058
TRANMISSION      3450.00      0.13338000      0.45064      0.92511      0.70192      0.26752      0.01044
TRANMISSION      3460.00      0.12160100      0.45741      0.92511      0.70594      0.27210      0.00988
TRANMISSION      3470.00      0.12382500      0.46419      0.92512      0.71056      0.27667      0.01045
TRANMISSION      3480.00      0.11790300      0.47096      0.92511      0.71520      0.28125      0.01033
TRANMISSION      3490.00      0.11555200      0.47773      0.92511      0.72010      0.28582      0.01051
TRANMISSION      3500.00      0.10830300      0.48451      0.92510      0.72512      0.29040      0.01022
TRANMISSION      3510.00      0.10752000      0.48815      0.92509      0.72577      0.29614      0.01044
TRANMISSION      3520.00      0.11198700      0.49179      0.92508      0.72687      0.30188      0.01118
TRANMISSION      3530.00      0.09633890      0.49543      0.92507      0.72770      0.30762      0.00988
TRANMISSION      3540.00      0.08561820      0.49907      0.92506      0.72907      0.31336      0.00903
TRANMISSION      3550.00      0.07992060      0.50271      0.92504      0.73037      0.31910      0.00866
TRANMISSION      3560.00      0.08592660      0.50635      0.92503      0.73193      0.32485      0.00957
TRANMISSION      3570.00      0.09001030      0.51000      0.92502      0.73358      0.33059      0.01030
TRANMISSION      3580.00      0.07707940      0.51364      0.92501      0.73563      0.33633      0.00906
TRANMISSION      3590.00      0.07638320      0.51728      0.92500      0.73747      0.34207      0.00922
TRANMISSION      3600.00      0.08036390      0.52092      0.92500      0.73954      0.34781      0.00996
TRANMISSION      3610.00      0.07730740      0.52446      0.92500      0.74346      0.35355      0.00986
TRANMISSION      3620.00      0.06941120      0.52800      0.92500      0.74749      0.35929      0.00910
TRANMISSION      3630.00      0.06412050      0.53154      0.92500      0.75144      0.36503      0.00865
TRANMISSION      3640.00      0.06176300      0.53509      0.92501      0.75554      0.37077      0.00856
TRANMISSION      3650.00      0.05921760      0.53863      0.92501      0.75972      0.37651      0.00844
TRANMISSION      3660.00      0.06128700      0.54217      0.92502      0.76204      0.38226      0.00895
TRANMISSION      3670.00      0.06112000      0.54571      0.92503      0.76436      0.38800      0.00915
TRANMISSION      3680.00      0.05708920      0.54925      0.92503      0.76667      0.39374      0.00876
TRANMISSION      3690.00      0.05503360      0.55279      0.92504      0.76910      0.39948      0.00865
TRANMISSION      3700.00      0.05316380      0.55633      0.92505      0.77140      0.40522      0.00855
TRANMISSION      3710.00      0.05329310      0.55894      0.92505      0.77284      0.41096      0.00875
TRANMISSION      3720.00      0.05215590      0.56154      0.92506      0.77445      0.41670      0.00874
TRANMISSION      3730.00      0.04828160      0.56414      0.92506      0.77602      0.42244      0.00826
TRANMISSION      3740.00      0.04404380      0.56674      0.92506      0.77757      0.42818      0.00769
TRANMISSION      3750.00      0.04375190      0.56934      0.92506      0.77922      0.43392      0.00779
TRANMISSION      3760.00      0.04430190      0.57195      0.92506      0.78113      0.43966      0.00805
TRANMISSION      3770.00      0.04053470      0.57455      0.92505      0.78292      0.44541      0.00751
TRANMISSION      3780.00      0.03811480      0.57715      0.92504      0.78389      0.45115      0.00720
TRANMISSION      3790.00      0.04071330      0.57975      0.92502      0.78456      0.45689      0.00783
TRANMISSION      3800.00      0.04308670      0.58235      0.92500      0.78511      0.46263      0.00843
TRANMISSION      3810.00      0.03756670      0.58535      0.92497      0.78648      0.46837      0.00749
TRANMISSION      3820.00      0.03600130      0.58834      0.92494      0.78774      0.47411      0.00732
TRANMISSION      3830.00      0.03302320      0.59134      0.92491      0.78911      0.47985      0.00684
TRANMISSION      3840.00      0.03092030      0.59434      0.92487      0.79034      0.48559      0.00652
TRANMISSION      3850.00      0.03429290      0.59733      0.92483      0.79154      0.49133      0.00737
TRANMISSION      3860.00      0.03304890      0.60033      0.92478      0.79242      0.49707      0.00723
TRANMISSION      3870.00      0.03224300      0.60332      0.92474      0.79348      0.50281      0.00718
TRANMISSION      3880.00      0.03213720      0.60632      0.92469      0.79426      0.50856      0.00728
TRANMISSION      3890.00      0.02986310      0.60932      0.92463      0.79510      0.51430      0.00688
TRANMISSION      3900.00      0.02585480      0.61231      0.92458      0.79577      0.52004      0.00606
TRANMISSION      3910.00      0.02533550      0.61618      0.92452      0.79658      0.52578      0.00604
TRANMISSION      3920.00      0.02495200      0.62006      0.92446      0.79741      0.53152      0.00606
TRANMISSION      3930.00      0.02275350      0.62393      0.92441      0.79821      0.53726      0.00563
TRANMISSION      3940.00      0.02183850      0.62780      0.92435      0.79889      0.54300      0.00550
TRANMISSION      3950.00      0.02214180      0.63167      0.92429      0.79939      0.54874      0.00567
TRANMISSION      3960.00      0.02072770      0.63554      0.92423      0.79981      0.55448      0.00540
TRANMISSION      3970.00      0.02025220      0.63941      0.92417      0.80028      0.56022      0.00537
TRANMISSION      3980.00      0.01945770      0.64329      0.92411      0.80075      0.56597      0.00524
TRANMISSION      3990.00      0.01924960      0.64716      0.92406      0.80126      0.57171      0.00527
TRANMISSION      4000.00      0.01879350      0.65103      0.92400      0.80173      0.57745      0.00523
TRANMISSION      4010.00      0.01742560      0.65385      0.92395      0.80153      0.57877      0.00488
TRANMISSION      4020.00      0.01700040      0.65666      0.92390      0.80144      0.58009      0.00480
TRANMISSION      4030.00      0.01587200      0.65948      0.92385      0.80132      0.58141      0.00451
TRANMISSION      4040.00      0.01592170      0.66230      0.92380      0.80130      0.58272      0.00455
TRANMISSION      4050.00      0.01530120      0.66512      0.92375      0.80115      0.58404      0.00440
TRANMISSION      4060.00      0.01352540      0.66793      0.92370      0.80107      0.58536      0.00391
TRANMISSION      4070.00      0.01313090      0.67075      0.92366      0.80082      0.58668      0.00382
TRANMISSION      4080.00      0.01230340      0.67357      0.92362      0.80062      0.58800      0.00360
TRANMISSION      4090.00      0.01298640      0.67638      0.92358      0.80043      0.58932      0.00383
TRANMISSION      4100.00      0.01323980      0.67920      0.92354      0.80048      0.59064      0.00393
TRANMISSION      4110.00      0.01214270      0.68159      0.92350      0.80051      0.59196      0.00362
TRANMISSION      4120.00      0.01106150      0.68398      0.92346      0.80050      0.59328      0.00332
TRANMISSION      4130.00      0.01178560      0.68637      0.92342      0.80050      0.59460      0.00356
TRANMISSION      4140.00      0.01203400      0.68876      0.92339      0.80057      0.59592      0.00365
TRANMISSION      4150.00      0.01169100      0.69114      0.92335      0.80059      0.59724      0.00357
TRANMISSION      4160.00      0.01124270      0.69353      0.92332      0.80065      0.59856      0.00345
TRANMISSION      4170.00      0.01084400      0.69592      0.92328      0.80067      0.59988      0.00335
TRANMISSION      4180.00      0.01006500      0.69831      0.92325      0.80074      0.60120      0.00312
TRANMISSION      4190.00      0.01007830      0.70070      0.92321      0.80086      0.60251      0.00315
TRANMISSION      4200.00      0.00973337      0.70308      0.92318      0.80118      0.60383      0.00306
TRANMISSION      4210.00      0.01007660      0.70507      0.92315      0.80167      0.60531      0.00318
TRANMISSION      4220.00      0.01071280      0.70706      0.92312      0.80206      0.60678      0.00340
TRANMISSION      4230.00      0.00961120      0.70905      0.92309      0.80245      0.60825      0.00307
TRANMISSION      4240.00      0.00982035      0.71103      0.92305      0.80298      0.60973      0.00316
TRANMISSION      4250.00      0.00932790      0.71302      0.92302      0.80346      0.61120      0.00301
TRANMISSION      4260.00      0.00921826      0.71501      0.92299      0.80404      0.61267      0.00300
TRANMISSION      4270.00      0.00951450      0.71699      0.92296      0.80430      0.61415      0.00311
TRANMISSION      4280.00      0.00917799      0.71898      0.92292      0.80505      0.61562      0.00302
TRANMISSION      4290.00      0.00874768      0.72097      0.92289      0.80553      0.61710      0.00289
TRANMISSION      4300.00      0.00949404      0.72296      0.92286      0.80635      0.61857      0.00316
TRANMISSION      4310.00      0.00898418      0.72492      0.92283      0.80696      0.62004      0.00301
TRANMISSION      4320.00      0.00823567      0.72688      0.92279      0.80784      0.62152      0.00277
TRANMISSION      4330.00      0.00886176      0.72884      0.92276      0.80880      0.62299      0.00300
TRANMISSION      4340.00      0.00911089      0.73080      0.92272      0.80960      0.62446      0.00311
TRANMISSION      4350.00      0.00823377      0.73276      0.92268      0.81050      0.62594      0.00282
TRANMISSION      4360.00      0.00737358      0.73472      0.92265      0.81122      0.62741      0.00254
TRANMISSION      4370.00      0.00785890      0.73668      0.92261      0.81222      0.62889      0.00273
TRANMISSION      4380.00      0.00920725      0.73864      0.92257      0.81304      0.63036      0.00322
TRANMISSION      4390.00      0.00952974      0.74060      0.92253      0.81386      0.63183      0.00335
TRANMISSION      4400.00      0.01030220      0.74256      0.92249      0.81485      0.63330      0.00364
TRANMISSION      4410.00      0.00944038      0.74449      0.92245      0.81599      0.63402      0.00335
TRANMISSION      4420.00      0.00856402      0.74642      0.92240      0.81744      0.63475      0.00306
TRANMISSION      4430.00      0.00893486      0.74835      0.92236      0.81867      0.63547      0.00321
TRANMISSION      4440.00      0.01000570      0.75027      0.92231      0.81977      0.63619      0.00361
TRANMISSION      4450.00      0.01050460      0.75220      0.92227      0.82068      0.63692      0.00381
TRANMISSION      4460.00      0.01073490      0.75413      0.92222      0.82174      0.63764      0.00391
TRANMISSION      4470.00      0.01145920      0.75606      0.92216      0.82288      0.63836      0.00420
TRANMISSION      4480.00      0.01155890      0.75799      0.92211      0.82410      0.63909      0.00426
TRANMISSION      4490.00      0.01065120      0.75992      0.92206      0.82520      0.63981      0.00394
TRANMISSION      4500.00      0.01174600      0.76185      0.92200      0.82638      0.64053      0.00437
TRANMISSION      4510.00      0.01236370      0.76348      0.92194      0.82748      0.64126      0.00462
TRANMISSION      4520.00      0.01252300      0.76511      0.92188      0.82875      0.64198      0.00470
TRANMISSION      4530.00      0.01322210      0.76674      0.92182      0.82999      0.64270      0.00499
TRANMISSION      4540.00      0.01449990      0.76837      0.92175      0.83122      0.64343      0.00549
TRANMISSION      4550.00      0.01497870      0.77000      0.92169      0.83249      0.64415      0.00570
TRANMISSION      4560.00      0.01567510      0.77163      0.92162      0.83367      0.64487      0.00599
TRANMISSION      4570.00      0.01556280      0.77326      0.92155      0.83493      0.64559      0.00598
TRANMISSION      4580.00      0.01552930      0.77489      0.92148      0.83610      0.64632      0.00599
TRANMISSION      4590.00      0.01604590      0.77652      0.92141      0.83729      0.64704      0.00622
TRANMISSION      4600.00      0.01648170      0.77815      0.92134      0.83831      0.64777      0.00642
TRANMISSION      4610.00      0.01686060      0.77955      0.92126      0.83948      0.64873      0.00659
TRANMISSION      4620.00      0.01680680      0.78096      0.92118      0.84058      0.64968      0.00660
TRANMISSION      4630.00      0.01797900      0.78236      0.92111      0.84187      0.65064      0.00710
TRANMISSION      4640.00      0.01895850      0.78376      0.92103      0.84290      0.65159      0.00752
TRANMISSION      4650.00      0.01784440      0.78516      0.92095      0.84401      0.65255      0.00711
TRANMISSION      4660.00      0.01833380      0.78656      0.92087      0.84492      0.65351      0.00733
TRANMISSION      4670.00      0.01827410      0.78796      0.92079      0.84577      0.65446      0.00734
TRANMISSION      4680.00      0.01775320      0.78936      0.92070      0.84666      0.65542      0.00716
TRANMISSION      4690.00      0.01776620      0.79076      0.92062      0.84767      0.65637      0.00720
TRANMISSION      4700.00      0.01835840      0.79216      0.92054      0.84889      0.65733      0.00747
TRANMISSION      4710.00      0.01778740      0.79323      0.92045      0.84994      0.65829      0.00727
TRANMISSION      4720.00      0.01820490      0.79429      0.92037      0.85075      0.65924      0.00746
TRANMISSION      4730.00      0.01818220      0.79536      0.92028      0.85143      0.66020      0.00748
TRANMISSION      4740.00      0.01764940      0.79643      0.92020      0.85222      0.66115      0.00729
TRANMISSION      4750.00      0.01736630      0.79749      0.92011      0.85303      0.66211      0.00720
TRANMISSION      4760.00      0.01772370      0.79856      0.92002      0.85383      0.66307      0.00737
TRANMISSION      4770.00      0.01769190      0.79963      0.91994      0.85456      0.66402      0.00738
TRANMISSION      4780.00      0.01728680      0.80069      0.91985      0.85546      0.66498      0.00724
TRANMISSION      4790.00      0.01631620      0.80176      0.91976      0.85620      0.66593      0.00686
TRANMISSION      4800.00      0.01528400      0.80283      0.91967      0.85711      0.66689      0.00645
TRANMISSION      4810.00      0.01511120      0.80382      0.91958      0.85793      0.66778      0.00640
TRANMISSION      4820.00      0.01543250      0.80481      0.91950      0.85889      0.66867      0.00656
TRANMISSION      4830.00      0.01553360      0.80580      0.91941      0.85959      0.66956      0.00662
TRANMISSION      4840.00      0.01454050      0.80679      0.91932      0.86038      0.67045      0.00622
TRANMISSION      4850.00      0.01374730      0.80778      0.91924      0.86112      0.67134      0.00590
TRANMISSION      4860.00      0.01434110      0.80877      0.91915      0.86187      0.67223      0.00618
TRANMISSION      4870.00      0.01287460      0.80976      0.91906      0.86259      0.67311      0.00556
TRANMISSION      4880.00      0.01292980      0.81075      0.91898      0.86326      0.67400      0.00561
TRANMISSION      4890.00      0.01304080      0.81174      0.91889      0.86383      0.67489      0.00567
TRANMISSION      4900.00      0.01245860      0.81273      0.91881      0.86443      0.67578      0.00543
TRANMISSION      4910.00      0.01180240      0.81346      0.91872      0.86493      0.67667      0.00516
TRANMISSION      4920.00      0.01178500      0.81419      0.91864      0.86547      0.67756      0.00517
TRANMISSION      4930.00      0.01044770      0.81492      0.91855      0.86598      0.67845      0.00459
TRANMISSION      4940.00      0.01039680      0.81564      0.91847      0.86649      0.67934      0.00458
TRANMISSION      4950.00      0.01042250      0.81637      0.91839      0.86703      0.68023      0.00461
TRANMISSION      4960.00      0.00937361      0.81710      0.91831      0.86747      0.68112      0.00416
TRANMISSION      4970.00      0.00941859      0.81783      0.91823      0.86786      0.68201      0.00419
TRANMISSION      4980.00      0.00948461      0.81856      0.91815      0.86810      0.68290      0.00423
TRANMISSION      4990.00      0.00908093      0.81929      0.91808      0.86835      0.68379      0.00406
TRANMISSION      5000.00      0.00829510      0.82001      0.91800      0.86853      0.68468      0.00371
TRANMISSION      5010.00      0.00737024      0.82052      0.91793      0.86814      0.68549      0.00330
TRANMISSION      5020.00      0.00644495      0.82102      0.91785      0.86804      0.68631      0.00289
TRANMISSION      5030.00      0.00577119      0.82153      0.91778      0.86797      0.68712      0.00260
TRANMISSION      5040.00      0.00596086      0.82204      0.91771      0.86800      0.68794      0.00269
TRANMISSION      5050.00      0.00648243      0.82254      0.91764      0.86786      0.68875      0.00292
TRANMISSION      5060.00      0.00644730      0.82305      0.91757      0.86758      0.68956      0.00291
TRANMISSION      5070.00      0.00556573      0.82355      0.91750      0.86735      0.69038      0.00252
TRANMISSION      5080.00      0.00513935      0.82406      0.91744      0.86707      0.69119      0.00233
TRANMISSION      5090.00      0.00506074      0.82457      0.91737      0.86695      0.69201      0.00230
TRANMISSION      5100.00      0.00489826      0.82507      0.91731      0.86674      0.69282      0.00223
TRANMISSION      5110.00      0.00455524      0.82558      0.91724      0.86657      0.69364      0.00207
TRANMISSION      5120.00      0.00424314      0.82608      0.91718      0.86628      0.69445      0.00193
TRANMISSION      5130.00      0.00396004      0.82659      0.91712      0.86582      0.69527      0.00181
TRANMISSION      5140.00      0.00384018      0.82710      0.91705      0.86535      0.69608      0.00175
TRANMISSION      5150.00      0.00366995      0.82760      0.91699      0.86496      0.69690      0.00168
TRANMISSION      5160.00      0.00351538      0.82811      0.91693      0.86466      0.69771      0.00161
TRANMISSION      5170.00      0.00350522      0.82861      0.91687      0.86439      0.69853      0.00161
TRANMISSION      5180.00      0.00339530      0.82912      0.91681      0.86387      0.69934      0.00156
TRANMISSION      5190.00      0.00297894      0.82962      0.91676      0.86333      0.70016      0.00137
TRANMISSION      5200.00      0.00292877      0.83013      0.91670      0.86286      0.70098      0.00135
TRANMISSION      5210.00      0.00304240      0.83064      0.91664      0.86249      0.70211      0.00140
TRANMISSION      5220.00      0.00287906      0.83116      0.91658      0.86214      0.70324      0.00133
TRANMISSION      5230.00      0.00265070      0.83167      0.91653      0.86159      0.70437      0.00123
TRANMISSION      5240.00      0.00270604      0.83218      0.91647      0.86104      0.70551      0.00125
TRANMISSION      5250.00      0.00256693      0.83269      0.91641      0.86038      0.70664      0.00119
TRANMISSION      5260.00      0.00236532      0.83320      0.91636      0.85970      0.70777      0.00110
TRANMISSION      5270.00      0.00229881      0.83372      0.91630      0.85905      0.70890      0.00107
TRANMISSION      5280.00      0.00219200      0.83423      0.91625      0.85855      0.71003      0.00102
TRANMISSION      5290.00      0.00209185      0.83474      0.91619      0.85794      0.71117      0.00098
TRANMISSION      5300.00      0.00201947      0.83525      0.91614      0.85733      0.71230      0.00094
TRANMISSION      5310.00      0.00185127      0.83576      0.91608      0.85663      0.71343      0.00087
TRANMISSION      5320.00      0.00166800      0.83628      0.91603      0.85614      0.71456      0.00078
TRANMISSION      5330.00      0.00173454      0.83679      0.91597      0.85551      0.71570      0.00081
TRANMISSION      5340.00      0.00176104      0.83730      0.91592      0.85503      0.71683      0.00083
TRANMISSION      5350.00      0.00165343      0.83781      0.91586      0.85454      0.71796      0.00078
TRANMISSION      5360.00      0.00145915      0.83832      0.91581      0.85409      0.71909      0.00069
TRANMISSION      5370.00      0.00134837      0.83884      0.91575      0.85343      0.72023      0.00064
TRANMISSION      5380.00      0.00143707      0.83935      0.91570      0.85270      0.72136      0.00068
TRANMISSION      5390.00      0.00143403      0.83986      0.91564      0.85177      0.72249      0.00068
TRANMISSION      5400.00      0.00137250      0.84037      0.91559      0.85095      0.72362      0.00065
TRANMISSION      5410.00      0.00130348      0.84066      0.91553      0.85007      0.72465      0.00062
TRANMISSION      5420.00      0.00126327      0.84094      0.91547      0.84946      0.72567      0.00060
TRANMISSION      5430.00      0.00124827      0.84122      0.91542      0.84882      0.72669      0.00059
TRANMISSION      5440.00      0.00121618      0.84150      0.91536      0.84825      0.72771      0.00058
TRANMISSION      5450.00      0.00121647      0.84178      0.91530      0.84773      0.72873      0.00058
TRANMISSION      5460.00      0.00121821      0.84207      0.91524      0.84715      0.72975      0.00058
TRANMISSION      5470.00      0.00117622      0.84235      0.91518      0.84648      0.73078      0.00056
TRANMISSION      5480.00      0.00109054      0.84263      0.91512      0.84576      0.73180      0.00052
TRANMISSION      5490.00      0.00104927      0.84291      0.91506      0.84503      0.73282      0.00050
TRANMISSION      5500.00      0.00098207      0.84319      0.91500      0.84437      0.73384      0.00047
TRANMISSION      5510.00      0.00096753      0.84348      0.91494      0.84346      0.73486      0.00046
TRANMISSION      5520.00      0.00100186      0.84376      0.91488      0.84276      0.73588      0.00048
TRANMISSION      5530.00      0.00102994      0.84404      0.91481      0.84197      0.73691      0.00049
TRANMISSION      5540.00      0.00105508      0.84432      0.91475      0.84129      0.73793      0.00051
TRANMISSION      5550.00      0.00100809      0.84460      0.91468      0.84048      0.73895      0.00048
TRANMISSION      5560.00      0.00090943      0.84489      0.91462      0.83966      0.73997      0.00044
TRANMISSION      5570.00      0.00087938      0.84517      0.91455      0.83884      0.74099      0.00042
TRANMISSION      5580.00      0.00093640      0.84545      0.91448      0.83794      0.74201      0.00045
TRANMISSION      5590.00      0.00085948      0.84573      0.91442      0.83727      0.74304      0.00041
TRANMISSION      5600.00      0.00082761      0.84601      0.91435      0.83663      0.74406      0.00040
TRANMISSION      5610.00      0.00083102      0.84625      0.91428      0.83587      0.74500      0.00040
TRANMISSION      5620.00      0.00081922      0.84649      0.91421      0.83516      0.74594      0.00039
TRANMISSION      5630.00      0.00077979      0.84672      0.91414      0.83426      0.74688      0.00038
TRANMISSION      5640.00      0.00077357      0.84696      0.91407      0.83352      0.74781      0.00037
TRANMISSION      5650.00      0.00081900      0.84720      0.91399      0.83259      0.74875      0.00040
TRANMISSION      5660.00      0.00079657      0.84743      0.91392      0.83197      0.74969      0.00038
TRANMISSION      5670.00      0.00074828      0.84767      0.91385      0.83133      0.75063      0.00036
TRANMISSION      5680.00      0.00074338      0.84790      0.91377      0.83079      0.75157      0.00036
TRANMISSION      5690.00      0.00075166      0.84814      0.91370      0.83005      0.75251      0.00036
TRANMISSION      5700.00      0.00073883      0.84838      0.91362      0.82933      0.75345      0.00036
TRANMISSION      5710.00      0.00073080      0.84861      0.91354      0.82859      0.75439      0.00035
TRANMISSION      5720.00      0.00072588      0.84885      0.91347      0.82797      0.75533      0.00035
TRANMISSION      5730.00      0.00071881      0.84909      0.91339      0.82739      0.75627      0.00035
TRANMISSION      5740.00      0.00072370      0.84932      0.91331      0.82665      0.75721      0.00035
TRANMISSION      5750.00      0.00078750      0.84956      0.91323      0.82615      0.75815      0.00038
TRANMISSION      5760.00      0.00074354      0.84980      0.91315      0.82566      0.75909      0.00036
TRANMISSION      5770.00      0.00068603      0.85003      0.91307      0.82514      0.76003      0.00033
TRANMISSION      5780.00      0.00068144      0.85027      0.91299      0.82442      0.76097      0.00033
TRANMISSION      5790.00      0.00064967      0.85051      0.91290      0.82358      0.76191      0.00032
TRANMISSION      5800.00      0.00069638      0.85074      0.91282      0.82300      0.76284      0.00034
TRANMISSION      5810.00      0.00072141      0.85160      0.91274      0.82225      0.76378      0.00035
TRANMISSION      5820.00      0.00071450      0.85247      0.91265      0.82163      0.76471      0.00035
TRANMISSION      5830.00      0.00069332      0.85333      0.91257      0.82096      0.76564      0.00034
TRANMISSION      5840.00      0.00066874      0.85419      0.91248      0.82039      0.76657      0.00033
TRANMISSION      5850.00      0.00067863      0.85505      0.91239      0.81979      0.76750      0.00033
TRANMISSION      5860.00      0.00065364      0.85592      0.91231      0.81919      0.76844      0.00032
TRANMISSION      5870.00      0.00067446      0.85678      0.91222      0.81870      0.76937      0.00033
TRANMISSION      5880.00      0.00073101      0.85764      0.91213      0.81829      0.77030      0.00036
TRANMISSION      5890.00      0.00070591      0.85850      0.91204      0.81786      0.77123      0.00035
TRANMISSION      5900.00      0.00067988      0.85936      0.91195      0.81731      0.77216      0.00034
TRANMISSION      5910.00      0.00065250      0.86023      0.91186      0.81667      0.77310      0.00032
TRANMISSION      5920.00      0.00067387      0.86109      0.91176      0.81615      0.77403      0.00033
TRANMISSION      5930.00      0.00071180      0.86195      0.91167      0.81565      0.77496      0.00035
TRANMISSION      5940.00      0.00069121      0.86281      0.91158      0.81525      0.77589      0.00034
TRANMISSION      5950.00      0.00075167      0.86367      0.91148      0.81467      0.77682      0.00037
TRANMISSION      5960.00      0.00076217      0.86454      0.91139      0.81421      0.77776      0.00038
TRANMISSION      5970.00      0.00071072      0.86540      0.91129      0.81362      0.77869      0.00036
TRANMISSION      5980.00      0.00067105      0.86626      0.91120      0.81322      0.77962      0.00034
TRANMISSION      5990.00      0.00071098      0.86712      0.91110      0.81271      0.78055      0.00036
TRANMISSION      6000.00      0.00072131      0.86799      0.91100      0.81221      0.78148      0.00036
TRANMISSION      6010.00      0.00074450      0.86935      0.91090      0.81189      0.78233      0.00037
TRANMISSION      6020.00      0.00075626      0.87072      0.91080      0.81168      0.78318      0.00038
TRANMISSION      6030.00      0.00074841      0.87208      0.91070      0.81155      0.78402      0.00038
TRANMISSION      6040.00      0.00074448      0.87345      0.91060      0.81133      0.78487      0.00038
TRANMISSION      6050.00      0.00076621      0.87481      0.91050      0.81092      0.78572      0.00039
TRANMISSION      6060.00      0.00075880      0.87618      0.91040      0.81051      0.78656      0.00039
TRANMISSION      6070.00      0.00077246      0.87754      0.91029      0.81024      0.78741      0.00039
TRANMISSION      6080.00      0.00078639      0.87891      0.91019      0.80996      0.78826      0.00040
TRANMISSION      6090.00      0.00074622      0.88027      0.91008      0.80953      0.78910      0.00038
TRANMISSION      6100.00      0.00078087      0.88164      0.90998      0.80899      0.78995      0.00040
TRANMISSION      6110.00      0.00075051      0.88273      0.90987      0.80870      0.79080      0.00039
TRANMISSION      6120.00      0.00075066      0.88381      0.90976      0.80874      0.79164      0.00039
TRANMISSION      6130.00      0.00078401      0.88490      0.90966      0.80858      0.79249      0.00040
TRANMISSION      6140.00      0.00076682      0.88599      0.90955      0.80850      0.79334      0.00040
TRANMISSION      6150.00      0.00077911      0.88708      0.90944      0.80806      0.79418      0.00040
TRANMISSION      6160.00      0.00079340      0.88817      0.90933      0.80803      0.79503      0.00041
TRANMISSION      6170.00      0.00077988      0.88925      0.90921      0.80766      0.79588      0.00041
TRANMISSION      6180.00      0.00075818      0.89034      0.90910      0.80754      0.79672      0.00039
TRANMISSION      6190.00      0.00077007      0.89143      0.90899      0.80721      0.79757      0.00040
TRANMISSION      6200.00      0.00079104      0.89252      0.90887      0.80700      0.79842      0.00041
TRANMISSION      6210.00      0.00074811      0.89309      0.90876      0.80674      0.79927      0.00039
TRANMISSION      6220.00      0.00075710      0.89366      0.90864      0.80661      0.80013      0.00040
TRANMISSION      6230.00      0.00079804      0.89422      0.90853      0.80646      0.80099      0.00042
TRANMISSION      6240.00      0.00076676      0.89479      0.90841      0.80632      0.80185      0.00040
TRANMISSION      6250.00      0.00079717      0.89536      0.90829      0.80622      0.80271      0.00042
TRANMISSION      6260.00      0.00082960      0.89593      0.90817      0.80611      0.80357      0.00044
TRANMISSION      6270.00      0.00082227      0.89650      0.90805      0.80603      0.80443      0.00043
TRANMISSION      6280.00      0.00078755      0.89707      0.90793      0.80578      0.80529      0.00042
TRANMISSION      6290.00      0.00077750      0.89764      0.90780      0.80561      0.80615      0.00041
TRANMISSION      6300.00      0.00082772      0.89821      0.90768      0.80544      0.80701      0.00044
TRANMISSION      6310.00      0.00079076      0.89878      0.90756      0.80548      0.80787      0.00042
TRANMISSION      6320.00      0.00078208      0.89935      0.90743      0.80546      0.80873      0.00042
TRANMISSION      6330.00      0.00082968      0.89992      0.90730      0.80545      0.80959      0.00044
TRANMISSION      6340.00      0.00084741      0.90049      0.90718      0.80527      0.81045      0.00045
TRANMISSION      6350.00      0.00083696      0.90105      0.90705      0.80520      0.81131      0.00045
TRANMISSION      6360.00      0.00084247      0.90162      0.90692      0.80507      0.81216      0.00045
TRANMISSION      6370.00      0.00085120      0.90219      0.90679      0.80494      0.81302      0.00046
TRANMISSION      6380.00      0.00085610      0.90276      0.90666      0.80483      0.81388      0.00046
TRANMISSION      6390.00      0.00086710      0.90333      0.90653      0.80488      0.81474      0.00047
TRANMISSION      6400.00      0.00088836      0.90390      0.90639      0.80504      0.81560      0.00048
TRANMISSION      6410.00      0.00085885      0.90447      0.90626      0.80494      0.81635      0.00046
TRANMISSION      6420.00      0.00084817      0.90504      0.90612      0.80491      0.81709      0.00046
TRANMISSION      6430.00      0.00088277      0.90561      0.90599      0.80479      0.81784      0.00048
TRANMISSION      6440.00      0.00091081      0.90618      0.90585      0.80492      0.81858      0.00049
TRANMISSION      6450.00      0.00086977      0.90675      0.90571      0.80481      0.81932      0.00047
TRANMISSION      6460.00      0.00090439      0.90732      0.90557      0.80468      0.82007      0.00049
TRANMISSION      6470.00      0.00092316      0.90789      0.90543      0.80457      0.82081      0.00050
TRANMISSION      6480.00      0.00088854      0.90845      0.90529      0.80478      0.82156      0.00048
TRANMISSION      6490.00      0.00087192      0.90902      0.90514      0.80479      0.82230      0.00047
TRANMISSION      6500.00      0.00090839      0.90959      0.90500      0.80486      0.82304      0.00050
TRANMISSION      6510.00      0.00090218      0.90982      0.90485      0.80492      0.82379      0.00049
TRANMISSION      6520.00      0.00089712      0.91004      0.90471      0.80522      0.82453      0.00049
TRANMISSION      6530.00      0.00089082      0.91026      0.90456      0.80540      0.82528      0.00049
TRANMISSION      6540.00      0.00084648      0.91048      0.90441      0.80553      0.82602      0.00046
TRANMISSION      6550.00      0.00094577      0.91071      0.90426      0.80553      0.82676      0.00052
TRANMISSION      6560.00      0.00095305      0.91093      0.90411      0.80563      0.82751      0.00052
TRANMISSION      6570.00      0.00089222      0.91115      0.90396      0.80579      0.82825      0.00049
TRANMISSION      6580.00      0.00085491      0.91137      0.90381      0.80603      0.82900      0.00047
TRANMISSION      6590.00      0.00088644      0.91160      0.90366      0.80633      0.82974      0.00049
TRANMISSION      6600.00      0.00094505      0.91182      0.90350      0.80653      0.83049      0.00052
TRANMISSION      6610.00      0.00095874      0.91204      0.90335      0.80679      0.83124      0.00053
TRANMISSION      6620.00      0.00094877      0.91227      0.90319      0.80708      0.83200      0.00052
TRANMISSION      6630.00      0.00093571      0.91249      0.90304      0.80731      0.83276      0.00052
TRANMISSION      6640.00      0.00091074      0.91271      0.90288      0.80762      0.83352      0.00051
TRANMISSION      6650.00      0.00091671      0.91293      0.90272      0.80785      0.83428      0.00051
TRANMISSION      6660.00      0.00092880      0.91316      0.90256      0.80820      0.83504      0.00052
TRANMISSION      6670.00      0.00093834      0.91338      0.90241      0.80837      0.83580      0.00052
TRANMISSION      6680.00      0.00094115      0.91360      0.90225      0.80857      0.83656      0.00052
TRANMISSION      6690.00      0.00093598      0.91382      0.90209      0.80854      0.83732      0.00052
TRANMISSION      6700.00      0.00095009      0.91405      0.90193      0.80874      0.83808      0.00053
TRANMISSION      6710.00      0.00092829      0.91427      0.90176      0.80877      0.83884      0.00052
TRANMISSION      6720.00      0.00094538      0.91449      0.90160      0.80924      0.83960      0.00053
TRANMISSION      6730.00      0.00099229      0.91471      0.90144      0.80939      0.84036      0.00056
TRANMISSION      6740.00      0.00093415      0.91494      0.90128      0.80967      0.84112      0.00052
TRANMISSION      6750.00      0.00095312      0.91516      0.90112      0.80971      0.84188      0.00054
TRANMISSION      6760.00      0.00098067      0.91538      0.90095      0.80997      0.84264      0.00055
TRANMISSION      6770.00      0.00095355      0.91561      0.90079      0.81025      0.84340      0.00054
TRANMISSION      6780.00      0.00092120      0.91583      0.90062      0.81055      0.84416      0.00052
TRANMISSION      6790.00      0.00102429      0.91605      0.90046      0.81105      0.84492      0.00058
TRANMISSION      6800.00      0.00104929      0.91627      0.90030      0.81153      0.84568      0.00059
TRANMISSION      6810.00      0.00103669      0.91650      0.90013      0.81198      0.84669      0.00059
TRANMISSION      6820.00      0.00099944      0.91672      0.89997      0.81235      0.84770      0.00057
TRANMISSION      6830.00      0.00095755      0.90368      0.89980      0.81258      0.84870      0.00054
TRANMISSION      6840.00      0.00096770      0.89065      0.89964      0.81289      0.84971      0.00054
TRANMISSION      6850.00      0.00101798      0.87761      0.89947      0.81303      0.85072      0.00056
TRANMISSION      6860.00      0.00105852      0.86457      0.89931      0.81340      0.85172      0.00057
TRANMISSION      6870.00      0.00104954      0.85154      0.89914      0.81372      0.85273      0.00056
TRANMISSION      6880.00      0.00102038      0.83850      0.89897      0.81402      0.85373      0.00053
TRANMISSION      6890.00      0.00107793      0.84673      0.89881      0.81438      0.85474      0.00057
TRANMISSION      6900.00      0.00106864      0.85496      0.89864      0.81481      0.85575      0.00057
TRANMISSION      6910.00      0.00105010      0.86320      0.89848      0.81539      0.85675      0.00057
TRANMISSION      6920.00      0.00106660      0.87143      0.89831      0.81572      0.85776      0.00058
TRANMISSION      6930.00      0.00109476      0.87966      0.89815      0.81614      0.85877      0.00061
TRANMISSION      6940.00      0.00104825      0.88789      0.89798      0.81637      0.85977      0.00059
TRANMISSION      6950.00      0.00110787      0.89612      0.89782      0.81663      0.86078      0.00063
TRANMISSION      6960.00      0.00113690      0.90435      0.89765      0.81695      0.86179      0.00065
TRANMISSION      6970.00      0.00112026      0.91258      0.89749      0.81732      0.86279      0.00065
TRANMISSION      6980.00      0.00113409      0.92082      0.89733      0.81784      0.86380      0.00066
TRANMISSION      6990.00      0.00116900      0.92133      0.89716      0.81816      0.86481      0.00068
TRANMISSION      7000.00      0.00117295      0.92184      0.89700      0.81858      0.86581      0.00069
TRANMISSION      7010.00      0.00116045      0.92206      0.89684      0.81891      0.86662      0.00068
TRANMISSION      7020.00      0.00114259      0.92228      0.89667      0.81932      0.86743      0.00067
TRANMISSION      7030.00      0.00113309      0.92250      0.89651      0.81965      0.86823      0.00067
TRANMISSION      7040.00      0.00119211      0.92273      0.89635      0.82003      0.86904      0.00070
TRANMISSION      7050.00      0.00125529      0.92295      0.89619      0.82040      0.86984      0.00074
TRANMISSION      7060.00      0.00128109      0.92317      0.89602      0.82062      0.87065      0.00076
TRANMISSION      7070.00      0.00127643      0.92339      0.89586      0.82089      0.87145      0.00076
TRANMISSION      7080.00      0.00127530      0.92361      0.89569      0.82131      0.87226      0.00076
TRANMISSION      7090.00      0.00126397      0.92383      0.89553      0.82178      0.87307      0.00075
TRANMISSION      7100.00      0.00129579      0.92405      0.89536      0.82215      0.87387      0.00077
TRANMISSION      7110.00      0.00133171      0.92427      0.89519      0.82257      0.87468      0.00079
TRANMISSION      7120.00      0.00132545      0.92449      0.89502      0.82296      0.87548      0.00079
TRANMISSION      7130.00      0.00128824      0.92471      0.89485      0.82321      0.87629      0.00077
TRANMISSION      7140.00      0.00137286      0.92493      0.89468      0.82345      0.87709      0.00082
TRANMISSION      7150.00      0.00139798      0.90286      0.89451      0.82377      0.87790      0.00082
TRANMISSION      7160.00      0.00141093      0.88078      0.89433      0.82405      0.87871      0.00080
TRANMISSION      7170.00      0.00145518      0.85871      0.89415      0.82422      0.87951      0.00081
TRANMISSION      7180.00      0.00147825      0.83663      0.89397      0.82465      0.88032      0.00080
TRANMISSION      7190.00      0.00152218      0.84617      0.89379      0.82514      0.88112      0.00084
TRANMISSION      7200.00      0.00155156      0.85571      0.89360      0.82546      0.88193      0.00086
TRANMISSION      7210.00      0.00158891      0.86525      0.89341      0.82592      0.88210      0.00089
TRANMISSION      7220.00      0.00162948      0.87479      0.89322      0.82649      0.88226      0.00093
TRANMISSION      7230.00      0.00161905      0.87601      0.89303      0.82706      0.88242      0.00092
TRANMISSION      7240.00      0.00171907      0.87724      0.89283      0.82740      0.88259      0.00098
TRANMISSION      7250.00      0.00175712      0.87846      0.89263      0.82768      0.88275      0.00101
TRANMISSION      7260.00      0.00179217      0.87969      0.89242      0.82815      0.88291      0.00103
TRANMISSION      7270.00      0.00187836      0.88091      0.89221      0.82857      0.88307      0.00108
TRANMISSION      7280.00      0.00184928      0.88214      0.89200      0.82907      0.88324      0.00107
TRANMISSION      7290.00      0.00187540      0.88337      0.89178      0.82942      0.88340      0.00108
TRANMISSION      7300.00      0.00196376      0.88459      0.89156      0.82976      0.88356      0.00114
TRANMISSION      7310.00      0.00205526      0.89519      0.89133      0.83001      0.88373      0.00120
TRANMISSION      7320.00      0.00209241      0.90579      0.89110      0.83048      0.88389      0.00124
TRANMISSION      7330.00      0.00208748      0.91639      0.89087      0.83094      0.88405      0.00125
TRANMISSION      7340.00      0.00217211      0.92700      0.89063      0.83149      0.88421      0.00132
TRANMISSION      7350.00      0.00223146      0.92751      0.89038      0.83202      0.88438      0.00136
TRANMISSION      7360.00      0.00224249      0.92803      0.89013      0.83256      0.88454      0.00136
TRANMISSION      7370.00      0.00227267      0.92813      0.88988      0.83311      0.88470      0.00138
TRANMISSION      7380.00      0.00233261      0.92824      0.88962      0.83360      0.88487      0.00142
TRANMISSION      7390.00      0.00249459      0.92834      0.88935      0.83403      0.88503      0.00152
TRANMISSION      7400.00      0.00268084      0.92844      0.88908      0.83423      0.88519      0.00163
TRANMISSION      7410.00      0.00276568      0.92855      0.88880      0.83453      0.88553      0.00169
TRANMISSION      7420.00      0.00269420      0.92865      0.88852      0.83481      0.88586      0.00164
TRANMISSION      7430.00      0.00263257      0.92875      0.88823      0.83539      0.88620      0.00161
TRANMISSION      7440.00      0.00293433      0.92886      0.88793      0.83591      0.88653      0.00179
TRANMISSION      7450.00      0.00322736      0.92896      0.88762      0.83644      0.88687      0.00197
TRANMISSION      7460.00      0.00323503      0.92907      0.88731      0.83687      0.88720      0.00198
TRANMISSION      7470.00      0.00308225      0.92917      0.88700      0.83719      0.88754      0.00189
TRANMISSION      7480.00      0.00283466      0.92927      0.88667      0.83773      0.88787      0.00174
TRANMISSION      7490.00      0.00281756      0.92938      0.88634      0.83792      0.88820      0.00173
TRANMISSION      7500.00      0.00313135      0.92948      0.88600      0.83831      0.88854      0.00192
TRANMISSION      7510.00      0.00362695      0.92958      0.88565      0.83860      0.88887      0.00223
TRANMISSION      7520.00      0.00398131      0.92969      0.88530      0.83930      0.88921      0.00245
TRANMISSION      7530.00      0.00392154      0.92979      0.88494      0.83997      0.88954      0.00241
TRANMISSION      7540.00      0.00397150      0.92989      0.88457      0.84057      0.88988      0.00244
TRANMISSION      7550.00      0.00412834      0.93000      0.88420      0.84104      0.89021      0.00254
TRANMISSION      7560.00      0.00422146      0.93010      0.88382      0.84130      0.89055      0.00260
TRANMISSION      7570.00      0.00437165      0.93010      0.88343      0.84166      0.89088      0.00269
TRANMISSION      7580.00      0.00467430      0.90045      0.88304      0.84208      0.89122      0.00279
TRANMISSION      7590.00      0.00489404      0.80296      0.88265      0.84245      0.89155      0.00261
TRANMISSION      7600.00      0.00500654      0.51421      0.88225      0.84281      0.89188      0.00171
TRANMISSION      7610.00      0.00513462      0.40383      0.88185      0.84333      0.89214      0.00138
TRANMISSION      7620.00      0.00531142      0.58496      0.88144      0.84404      0.89239      0.00206
TRANMISSION      7630.00      0.00545830      0.52861      0.88103      0.84460      0.89264      0.00192
TRANMISSION      7640.00      0.00569947      0.55256      0.88062      0.84535      0.89289      0.00209
TRANMISSION      7650.00      0.00599371      0.64692      0.88021      0.84584      0.89314      0.00258
TRANMISSION      7660.00      0.00620567      0.75172      0.87979      0.84633      0.89339      0.00310
TRANMISSION      7670.00      0.00647624      0.82716      0.87937      0.84659      0.89364      0.00356
TRANMISSION      7680.00      0.00661880      0.93218      0.87895      0.84693      0.89389      0.00411
TRANMISSION      7690.00      0.00687881      0.93322      0.87853      0.84722      0.89414      0.00427
TRANMISSION      7700.00      0.00726520      0.93426      0.87811      0.84757      0.89439      0.00452
TRANMISSION      7710.00      0.00749052      0.93436      0.87769      0.84780      0.89464      0.00466
TRANMISSION      7720.00      0.00771819      0.93447      0.87727      0.84823      0.89489      0.00480
TRANMISSION      7730.00      0.00804836      0.93457      0.87685      0.84861      0.89514      0.00501
TRANMISSION      7740.00      0.00819411      0.93467      0.87643      0.84916      0.89539      0.00510
TRANMISSION      7750.00      0.00827218      0.93478      0.87601      0.84988      0.89564      0.00516
TRANMISSION      7760.00      0.00895445      0.93488      0.87559      0.85053      0.89589      0.00559
TRANMISSION      7770.00      0.00938483      0.93499      0.87518      0.85111      0.89614      0.00586
TRANMISSION      7780.00      0.00962605      0.93509      0.87476      0.85139      0.89639      0.00601
TRANMISSION      7790.00      0.00987113      0.93520      0.87435      0.85157      0.89664      0.00616
TRANMISSION      7800.00      0.01011940      0.93530      0.87395      0.85184      0.89689      0.00632
TRANMISSION      7810.00      0.01004500      0.93540      0.87354      0.85221      0.89691      0.00627
TRANMISSION      7820.00      0.01056670      0.93551      0.87314      0.85257      0.89693      0.00660
TRANMISSION      7830.00      0.01131940      0.93561      0.87275      0.85311      0.89695      0.00707
TRANMISSION      7840.00      0.01172790      0.93572      0.87235      0.85342      0.89697      0.00733
TRANMISSION      7850.00      0.01172270      0.93582      0.87197      0.85379      0.89698      0.00733
TRANMISSION      7860.00      0.01243000      0.93593      0.87159      0.85413      0.89700      0.00777
TRANMISSION      7870.00      0.01275270      0.93603      0.87121      0.85485      0.89702      0.00797
TRANMISSION      7880.00      0.01279800      0.93613      0.87084      0.85529      0.89704      0.00800
TRANMISSION      7890.00      0.01306920      0.93624      0.87048      0.85556      0.89705      0.00817
TRANMISSION      7900.00      0.01377780      0.93634      0.87012      0.85576      0.89707      0.00862
TRANMISSION      7910.00      0.01369670      0.93640      0.86977      0.85602      0.89709      0.00857
TRANMISSION      7920.00      0.01383900      0.93645      0.86943      0.85650      0.89711      0.00866
TRANMISSION      7930.00      0.01437730      0.93650      0.86909      0.85694      0.89712      0.00900
TRANMISSION      7940.00      0.01485100      0.93655      0.86877      0.85756      0.89714      0.00930
TRANMISSION      7950.00      0.01471210      0.93660      0.86845      0.85808      0.89716      0.00921
TRANMISSION      7960.00      0.01521410      0.93666      0.86814      0.85827      0.89718      0.00953
TRANMISSION      7970.00      0.01547260      0.93671      0.86784      0.85846      0.89720      0.00969
TRANMISSION      7980.00      0.01548440      0.93676      0.86755      0.85850      0.89721      0.00969
TRANMISSION      7990.00      0.01559330      0.93681      0.86727      0.85877      0.89723      0.00976
TRANMISSION      8000.00      0.01582860      0.93687      0.86700      0.85903      0.89725      0.00991
TRANMISSION      8010.00      0.01624390      0.93692      0.86674      0.85913      0.89733      0.01017
TRANMISSION      8020.00      0.01612180      0.93697      0.86649      0.85948      0.89742      0.01010
TRANMISSION      8030.00      0.01599130      0.93702      0.86625      0.85972      0.89750      0.01002
TRANMISSION      8040.00      0.01656120      0.93707      0.86603      0.85995      0.89758      0.01037
TRANMISSION      8050.00      0.01676600      0.93713      0.86581      0.86034      0.89767      0.01051
TRANMISSION      8060.00      0.01681730      0.93718      0.86561      0.86049      0.89775      0.01054
TRANMISSION      8070.00      0.01675070      0.93723      0.86541      0.86059      0.89783      0.01050
TRANMISSION      8080.00      0.01660890      0.93728      0.86523      0.86085      0.89792      0.01041
TRANMISSION      8090.00      0.01647010      0.93734      0.86505      0.86104      0.89800      0.01033
TRANMISSION      8100.00      0.01643990      0.93739      0.86489      0.86118      0.89808      0.01031
TRANMISSION      8110.00      0.01673000      0.92419      0.86474      0.86134      0.89817      0.01034
TRANMISSION      8120.00      0.01682010      0.91099      0.86460      0.86174      0.89825      0.01025
TRANMISSION      8130.00      0.01658560      0.89779      0.86446      0.86213      0.89833      0.00997
TRANMISSION      8140.00      0.01661410      0.88459      0.86434      0.86249      0.89842      0.00984
TRANMISSION      8150.00      0.01669430      0.88459      0.86423      0.86257      0.89850      0.00989
TRANMISSION      8160.00      0.01643410      0.88459      0.86413      0.86304      0.89858      0.00974
TRANMISSION      8170.00      0.01632010      0.88459      0.86405      0.86320      0.89867      0.00968
TRANMISSION      8180.00      0.01662450      0.88459      0.86397      0.86317      0.89875      0.00986
TRANMISSION      8190.00      0.01649190      0.88459      0.86390      0.86333      0.89883      0.00978
TRANMISSION      8200.00      0.01627580      0.88459      0.86384      0.86361      0.89892      0.00966
TRANMISSION      8210.00      0.01632860      0.88459      0.86380      0.86382      0.89879      0.00969
TRANMISSION      8220.00      0.01632810      0.88459      0.86376      0.86398      0.89865      0.00969
TRANMISSION      8230.00      0.01593250      0.88459      0.86374      0.86410      0.89851      0.00945
TRANMISSION      8240.00      0.01608660      0.88459      0.86372      0.86425      0.89838      0.00954
TRANMISSION      8250.00      0.01587860      0.88459      0.86372      0.86449      0.89824      0.00942
TRANMISSION      8260.00      0.01580710      0.88459      0.86372      0.86463      0.89810      0.00938
TRANMISSION      8270.00      0.01605090      0.88459      0.86374      0.86484      0.89797      0.00952
TRANMISSION      8280.00      0.01617610      0.88459      0.86377      0.86507      0.89783      0.00960
TRANMISSION      8290.00      0.01618610      0.88459      0.86380      0.86534      0.89769      0.00961
TRANMISSION      8300.00      0.01628640      0.88459      0.86385      0.86513      0.89756      0.00966
TRANMISSION      8310.00      0.01633850      0.89578      0.86391      0.86543      0.89742      0.00982
TRANMISSION      8320.00      0.01639550      0.90697      0.86398      0.86574      0.89728      0.00998
TRANMISSION      8330.00      0.01687350      0.91815      0.86406      0.86595      0.89715      0.01040
TRANMISSION      8340.00      0.01712260      0.92934      0.86415      0.86617      0.89701      0.01068
TRANMISSION      8350.00      0.01768540      0.94053      0.86425      0.86649      0.89687      0.01117
TRANMISSION      8360.00      0.01849840      0.94053      0.86436      0.86672      0.89674      0.01169
TRANMISSION      8370.00      0.01945050      0.94061      0.86448      0.86705      0.89660      0.01230
TRANMISSION      8380.00      0.02127110      0.94069      0.86461      0.86721      0.89646      0.01345
TRANMISSION      8390.00      0.02375010      0.94077      0.86475      0.86760      0.89633      0.01503
TRANMISSION      8400.00      0.02744040      0.94084      0.86491      0.86792      0.89619      0.01737
TRANMISSION      8410.00      0.03311210      0.94092      0.86507      0.86829      0.89609      0.02097
TRANMISSION      8420.00      0.04179120      0.94100      0.86524      0.86847      0.89599      0.02648
TRANMISSION      8430.00      0.05499530      0.94108      0.86543      0.86868      0.89589      0.03486
TRANMISSION      8440.00      0.07559110      0.94116      0.86562      0.86884      0.89579      0.04793
TRANMISSION      8450.00      0.10731800      0.94124      0.86582      0.86905      0.89569      0.06808
TRANMISSION      8460.00      0.15429700      0.94132      0.86604      0.86932      0.89558      0.09793
TRANMISSION      8470.00      0.22004000      0.94140      0.86626      0.86954      0.89548      0.13972
TRANMISSION      8480.00      0.30536000      0.94148      0.86650      0.86974      0.89538      0.19399
TRANMISSION      8490.00      0.40632800      0.94156      0.86674      0.86994      0.89528      0.25826
TRANMISSION      8500.00      0.51518200      0.94164      0.86700      0.87008      0.89518      0.32759
TRANMISSION      8510.00      0.62201000      0.94172      0.86727      0.87014      0.89508      0.39566
TRANMISSION      8520.00      0.71695300      0.94180      0.86754      0.87022      0.89498      0.45623
TRANMISSION      8530.00      0.79368800      0.94187      0.86783      0.87034      0.89488      0.50528
TRANMISSION      8540.00      0.85037000      0.94195      0.86813      0.87049      0.89477      0.54162
TRANMISSION      8550.00      0.88830400      0.94203      0.86843      0.87063      0.89467      0.56605
TRANMISSION      8560.00      0.91087200      0.94211      0.86875      0.87080      0.89457      0.58075
TRANMISSION      8570.00      0.92220200      0.94219      0.86907      0.87104      0.89447      0.58833
TRANMISSION      8580.00      0.92639500      0.94227      0.86941      0.87113      0.89437      0.59128
TRANMISSION      8590.00      0.92659100      0.94235      0.86976      0.87133      0.89427      0.59177
TRANMISSION      8600.00      0.92532800      0.94243      0.87011      0.87148      0.89417      0.59128
TRANMISSION      8610.00      0.92462400      0.94251      0.87047      0.87167      0.89394      0.59111
TRANMISSION      8620.00      0.92547500      0.94259      0.87085      0.87177      0.89371      0.59187
TRANMISSION      8630.00      0.92842200      0.94265      0.87123      0.87194      0.89348      0.59402
TRANMISSION      8640.00      0.93310800      0.94269      0.87162      0.87202      0.89325      0.59721
TRANMISSION      8650.00      0.93877000      0.94273      0.87202      0.87216      0.89302      0.60108
TRANMISSION      8660.00      0.94478800      0.94277      0.87243      0.87234      0.89280      0.60522
TRANMISSION      8670.00      0.95020500      0.94281      0.87285      0.87239      0.89257      0.60888
TRANMISSION      8680.00      0.95447900      0.94285      0.87328      0.87229      0.89234      0.61172
TRANMISSION      8690.00      0.95742600      0.94288      0.87371      0.87220      0.89211      0.61371
TRANMISSION      8700.00      0.95911800      0.94292      0.87416      0.87222      0.89188      0.61499
TRANMISSION      8710.00      0.95967000      0.94296      0.87461      0.87221      0.89165      0.61552
TRANMISSION      8720.00      0.95943600      0.94300      0.87507      0.87228      0.89142      0.61561
TRANMISSION      8730.00      0.95879000      0.94304      0.87554      0.87229      0.89120      0.61541
TRANMISSION      8740.00      0.95811700      0.94308      0.87602      0.87230      0.89097      0.61519
TRANMISSION      8750.00      0.95775500      0.94312      0.87650      0.87226      0.89074      0.61513
TRANMISSION      8760.00      0.95785000      0.94316      0.87700      0.87229      0.89051      0.61543
TRANMISSION      8770.00      0.95854900      0.94320      0.87750      0.87241      0.89028      0.61619
TRANMISSION      8780.00      0.95983900      0.94324      0.87801      0.87220      0.89005      0.61709
TRANMISSION      8790.00      0.96166100      0.94328      0.87853      0.87226      0.88982      0.61854
TRANMISSION      8800.00      0.96401400      0.94332      0.87905      0.87209      0.88959      0.62016
TRANMISSION      8810.00      0.96642700      0.94336      0.87958      0.87192      0.88912      0.62167
TRANMISSION      8820.00      0.96881700      0.94340      0.88012      0.87176      0.88864      0.62316
TRANMISSION      8830.00      0.97104000      0.94344      0.88067      0.87166      0.88816      0.62460
TRANMISSION      8840.00      0.97288800      0.94348      0.88122      0.87154      0.88768      0.62578
TRANMISSION      8850.00      0.97429800      0.94352      0.88178      0.87135      0.88720      0.62664
TRANMISSION      8860.00      0.97514600      0.94356      0.88235      0.87119      0.88672      0.62716
TRANMISSION      8870.00      0.97530600      0.94360      0.88293      0.87112      0.88624      0.62731
TRANMISSION      8880.00      0.97474900      0.94364      0.88351      0.87087      0.88576      0.62687
TRANMISSION      8890.00      0.97360000      0.94368      0.88410      0.87076      0.88528      0.62616
TRANMISSION      8900.00      0.97221100      0.94368      0.88469      0.87058      0.88480      0.62522
TRANMISSION      8910.00      0.97056700      0.92686      0.88530      0.87031      0.88432      0.61293
TRANMISSION      8920.00      0.96873800      0.91004      0.88591      0.87011      0.88384      0.60063
TRANMISSION      8930.00      0.96690600      0.89322      0.88652      0.86979      0.88336      0.58828
TRANMISSION      8940.00      0.96533300      0.87640      0.88714      0.86942      0.88288      0.57611
TRANMISSION      8950.00      0.96424500      0.85958      0.88777      0.86915      0.88240      0.56433
TRANMISSION      8960.00      0.96366700      0.84276      0.88840      0.86885      0.88192      0.55286
TRANMISSION      8970.00      0.96363500      0.82594      0.88904      0.86859      0.88144      0.54174
TRANMISSION      8980.00      0.96420100      0.80912      0.88969      0.86825      0.88096      0.53091
TRANMISSION      8990.00      0.96526600      0.81491      0.89034      0.86807      0.88048      0.53529
TRANMISSION      9000.00      0.96687100      0.82071      0.89100      0.86780      0.88000      0.53993
TRANMISSION      9010.00      0.96882900      0.82651      0.89166      0.86759      0.87909      0.54456
TRANMISSION      9020.00      0.97089900      0.83231      0.89233      0.86717      0.87817      0.54912
TRANMISSION      9030.00      0.97291100      0.83810      0.89301      0.86679      0.87725      0.55368
TRANMISSION      9040.00      0.97466700      0.84390      0.89368      0.86617      0.87633      0.55796
TRANMISSION      9050.00      0.97597400      0.84970      0.89437      0.86556      0.87541      0.56199
TRANMISSION      9060.00      0.97670200      0.85550      0.89505      0.86488      0.87449      0.56564
TRANMISSION      9070.00      0.97681800      0.85550      0.89574      0.86452      0.87357      0.56531
TRANMISSION      9080.00      0.97641300      0.85550      0.89644      0.86378      0.87265      0.56444
TRANMISSION      9090.00      0.97559700      0.85550      0.89713      0.86333      0.87172      0.56351
TRANMISSION      9100.00      0.97454300      0.85550      0.89783      0.86287      0.87080      0.56244
TRANMISSION      9110.00      0.97346200      0.85550      0.89853      0.86229      0.86988      0.56129
TRANMISSION      9120.00      0.97255500      0.85550      0.89924      0.86177      0.86896      0.56027
TRANMISSION      9130.00      0.97192600      0.85550      0.89994      0.86123      0.86804      0.55940
TRANMISSION      9140.00      0.97170000      0.85550      0.90065      0.86071      0.86712      0.55878
TRANMISSION      9150.00      0.97202800      0.85550      0.90135      0.86021      0.86620      0.55849
TRANMISSION      9160.00      0.97292400      0.85550      0.90206      0.85987      0.86528      0.55863
TRANMISSION      9170.00      0.97415800      0.85550      0.90277      0.85947      0.86436      0.55892
TRANMISSION      9180.00      0.97578200      0.85550      0.90347      0.85880      0.86344      0.55926
TRANMISSION      9190.00      0.97752200      0.85550      0.90418      0.85810      0.86252      0.55964
TRANMISSION      9200.00      0.97916300      0.85550      0.90489      0.85739      0.86160      0.55996
TRANMISSION      9210.00      0.98056700      0.85550      0.90559      0.85680      0.85950      0.55944
TRANMISSION      9220.00      0.98146100      0.85550      0.90630      0.85602      0.85738      0.55850
TRANMISSION      9230.00      0.98184300      0.85550      0.90700      0.85541      0.85526      0.55737
TRANMISSION      9240.00      0.98155900      0.85550      0.90770      0.85462      0.85315      0.55575
TRANMISSION      9250.00      0.98049900      0.85550      0.90839      0.85392      0.85103      0.55373
TRANMISSION      9260.00      0.97873000      0.85550      0.90909      0.85320      0.84891      0.55132
TRANMISSION      9270.00      0.97648600      0.82002      0.90978      0.85273      0.84680      0.52604
TRANMISSION      9280.00      0.97386700      0.78455      0.91047      0.85192      0.84468      0.50058
TRANMISSION      9290.00      0.97103000      0.74908      0.91115      0.85129      0.84256      0.47537
TRANMISSION      9300.00      0.96820600      0.71360      0.91183      0.85052      0.84045      0.45033
TRANMISSION      9310.00      0.96570000      0.67813      0.91250      0.84963      0.83833      0.42563
TRANMISSION      9320.00      0.96359300      0.64266      0.91317      0.84877      0.83622      0.40136
TRANMISSION      9330.00      0.96206500      0.60719      0.91384      0.84807      0.83410      0.37761
TRANMISSION      9340.00      0.96117700      0.57171      0.91450      0.84736      0.83198      0.35428
TRANMISSION      9350.00      0.96084700      0.53624      0.91515      0.84657      0.82987      0.33127
TRANMISSION      9360.00      0.96107400      0.54908      0.91580      0.84586      0.82775      0.33837
TRANMISSION      9370.00      0.96172900      0.56192      0.91644      0.84510      0.82563      0.34556
TRANMISSION      9380.00      0.96276800      0.57476      0.91707      0.84422      0.82352      0.35281
TRANMISSION      9390.00      0.96408900      0.58760      0.91770      0.84332      0.82140      0.36012
TRANMISSION      9400.00      0.96541000      0.60044      0.91831      0.84251      0.81928      0.36743
TRANMISSION      9410.00      0.96677500      0.61328      0.91892      0.84163      0.81618      0.37426
TRANMISSION      9420.00      0.96788000      0.62612      0.91953      0.84069      0.81309      0.38091
TRANMISSION      9430.00      0.96860000      0.61437      0.92012      0.83997      0.81000      0.37254
TRANMISSION      9440.00      0.96900700      0.60262      0.92070      0.83893      0.80691      0.36395
TRANMISSION      9450.00      0.96904900      0.59087      0.92128      0.83819      0.80381      0.35541
TRANMISSION      9460.00      0.96866600      0.57912      0.92184      0.83747      0.80072      0.34678
TRANMISSION      9470.00      0.96787900      0.58913      0.92240      0.83684      0.79763      0.35107
TRANMISSION      9480.00      0.96689800      0.59915      0.92294      0.83575      0.79454      0.35504
TRANMISSION      9490.00      0.96610600      0.60916      0.92348      0.83493      0.79144      0.35913
TRANMISSION      9500.00      0.96520400      0.61918      0.92400      0.83411      0.78835      0.36312
TRANMISSION      9510.00      0.96454900      0.61746      0.92451      0.83323      0.78526      0.36027
TRANMISSION      9520.00      0.96422200      0.61574      0.92501      0.83221      0.78216      0.35748
TRANMISSION      9530.00      0.96411600      0.61403      0.92550      0.83145      0.77907      0.35490
TRANMISSION      9540.00      0.96443200      0.61231      0.92598      0.83055      0.77598      0.35242
TRANMISSION      9550.00      0.96515000      0.62659      0.92645      0.82979      0.77289      0.35932
TRANMISSION      9560.00      0.96613700      0.64087      0.92691      0.82906      0.76979      0.36627
TRANMISSION      9570.00      0.96727500      0.65515      0.92735      0.82808      0.76670      0.37311
TRANMISSION      9580.00      0.96851600      0.66943      0.92779      0.82708      0.76361      0.37991
TRANMISSION      9590.00      0.96969800      0.68709      0.92822      0.82610      0.76052      0.38855
TRANMISSION      9600.00      0.97073900      0.70476      0.92864      0.82514      0.75739      0.39704
TRANMISSION      9610.00      0.97158800      0.72242      0.92905      0.82418      0.75248      0.40442
TRANMISSION      9620.00      0.97223000      0.74008      0.92945      0.82327      0.74757      0.41159
TRANMISSION      9630.00      0.97268700      0.75938      0.92984      0.82235      0.74266      0.41946
TRANMISSION      9640.00      0.97289000      0.77869      0.93022      0.82131      0.73775      0.42700
TRANMISSION      9650.00      0.97301400      0.79799      0.93060      0.82028      0.73285      0.43437
TRANMISSION      9660.00      0.97322500      0.81729      0.93096      0.81909      0.72794      0.44152
TRANMISSION      9670.00      0.97359000      0.83660      0.93132      0.81807      0.72303      0.44868
TRANMISSION      9680.00      0.97414300      0.85590      0.93167      0.81689      0.71812      0.45569
TRANMISSION      9690.00      0.97495700      0.87521      0.93201      0.81586      0.71321      0.46276
TRANMISSION      9700.00      0.97608300      0.89451      0.93235      0.81473      0.70830      0.46977
TRANMISSION      9710.00      0.97747800      0.88476      0.93267      0.81369      0.70340      0.46166
TRANMISSION      9720.00      0.97893200      0.87500      0.93300      0.81253      0.69849      0.45357
TRANMISSION      9730.00      0.98037300      0.86525      0.93331      0.81181      0.69358      0.44577
TRANMISSION      9740.00      0.98163900      0.85550      0.93362      0.81076      0.68867      0.43777
TRANMISSION      9750.00      0.98258000      0.86346      0.93392      0.80961      0.68376      0.43863
TRANMISSION      9760.00      0.98308400      0.87143      0.93421      0.80851      0.67885      0.43927
TRANMISSION      9770.00      0.98305400      0.87939      0.93450      0.80747      0.67395      0.43964
TRANMISSION      9780.00      0.98241100      0.88736      0.93479      0.80638      0.66904      0.43964
TRANMISSION      9790.00      0.98122700      0.89532      0.93506      0.80534      0.66413      0.43936
TRANMISSION      9800.00      0.97964400      0.90328      0.93534      0.80429      0.65919      0.43882
TRANMISSION      9810.00      0.97777300      0.91125      0.93560      0.80307      0.65149      0.43614
TRANMISSION      9820.00      0.97574900      0.91921      0.93587      0.80191      0.64378      0.43334
TRANMISSION      9830.00      0.97361800      0.92718      0.93612      0.80092      0.63608      0.43051
TRANMISSION      9840.00      0.97145000      0.93514      0.93638      0.79990      0.62837      0.42756
TRANMISSION      9850.00      0.96931900      0.94311      0.93663      0.79885      0.62066      0.42454
TRANMISSION      9860.00      0.96714800      0.95107      0.93687      0.79781      0.61296      0.42142
TRANMISSION      9870.00      0.96475900      0.95107      0.93711      0.79678      0.60525      0.41466
TRANMISSION      9880.00      0.96210500      0.95109      0.93735      0.79550      0.59755      0.40772
TRANMISSION      9890.00      0.95914800      0.95110      0.93759      0.79442      0.58984      0.40078
TRANMISSION      9900.00      0.95575800      0.95112      0.93782      0.79329      0.58213      0.39369
TRANMISSION      9910.00      0.95214400      0.95114      0.93805      0.79218      0.57443      0.38658
TRANMISSION      9920.00      0.94823800      0.95115      0.93827      0.79084      0.56672      0.37927
TRANMISSION      9930.00      0.94344000      0.95117      0.93849      0.78975      0.55902      0.37181
TRANMISSION      9940.00      0.93630300      0.95118      0.93871      0.78847      0.55131      0.36341
TRANMISSION      9950.00      0.92409300      0.95120      0.93893      0.78728      0.54361      0.35321
TRANMISSION      9960.00      0.90300500      0.95122      0.93915      0.78608      0.53590      0.33983
TRANMISSION      9970.00      0.86937500      0.95123      0.93936      0.78498      0.52819      0.32209
TRANMISSION      9980.00      0.82033900      0.95125      0.93958      0.78375      0.52049      0.29910
TRANMISSION      9990.00      0.75441100      0.95126      0.93979      0.78252      0.51278      0.27062
TRANMISSION     10000.00      0.67280300      0.95128      0.94000      0.78123      0.50508      0.23739
TRANMISSION     10010.00      0.57964900      0.95129      0.94021      0.78010      0.49546      0.20038
TRANMISSION     10020.00      0.48083500      0.95131      0.94042      0.77908      0.48585      0.16283
TRANMISSION     10030.00      0.38317800      0.95133      0.94063      0.77806      0.47623      0.12705
TRANMISSION     10040.00      0.29365500      0.95134      0.94083      0.77712      0.46662      0.09531
TRANMISSION     10050.00      0.21695300      0.95136      0.94104      0.77602      0.45701      0.06888
TRANMISSION     10060.00      0.15544500      0.95137      0.94125      0.77488      0.44739      0.04826
TRANMISSION     10070.00      0.10912300      0.95139      0.94145      0.77372      0.43778      0.03311
TRANMISSION     10080.00      0.07596020      0.95141      0.94166      0.77252      0.42816      0.02251
TRANMISSION     10090.00      0.05319490      0.95142      0.94186      0.77146      0.41855      0.01539
TRANMISSION     10100.00      0.03804000      0.95144      0.94206      0.77031      0.40894      0.01074
TRANMISSION     10110.00      0.02811320      0.95145      0.94226      0.76913      0.39932      0.00774
TRANMISSION     10120.00      0.02159630      0.95147      0.94246      0.76780      0.38971      0.00579
TRANMISSION     10130.00      0.01715860      0.95149      0.94266      0.76691      0.38009      0.00449
TRANMISSION     10140.00      0.01412150      0.95150      0.94286      0.76572      0.37048      0.00359
TRANMISSION     10150.00      0.01201200      0.95152      0.94306      0.76465      0.36087      0.00297
TRANMISSION     10160.00      0.01050590      0.95153      0.94326      0.76351      0.35125      0.00253
TRANMISSION     10170.00      0.00935232      0.95155      0.94345      0.76251      0.34164      0.00219
TRANMISSION     10180.00      0.00843160      0.95157      0.94365      0.76120      0.33202      0.00191
TRANMISSION     10190.00      0.00769426      0.95158      0.94384      0.76007      0.32241      0.00169
TRANMISSION     10200.00      0.00712962      0.95160      0.94404      0.75879      0.31280      0.00152
TRANMISSION     10210.00      0.00672007      0.95161      0.94423      0.75749      0.30407      0.00139
TRANMISSION     10220.00      0.00634116      0.95163      0.94442      0.75645      0.29535      0.00127
TRANMISSION     10230.00      0.00604970      0.95165      0.94461      0.75537      0.28663      0.00118
TRANMISSION     10240.00      0.00580371      0.95166      0.94480      0.75429      0.27790      0.00109
TRANMISSION     10250.00      0.00557375      0.95168      0.94499      0.75309      0.26918      0.00102
TRANMISSION     10260.00      0.00543616      0.95169      0.94518      0.75192      0.26046      0.00096
TRANMISSION     10270.00      0.00532999      0.95171      0.94537      0.75065      0.25174      0.00091
TRANMISSION     10280.00      0.00521240      0.95173      0.94555      0.74947      0.24301      0.00085
TRANMISSION     10290.00      0.00508957      0.95174      0.94574      0.74827      0.23429      0.00080
TRANMISSION     10300.00      0.00500215      0.95176      0.94593      0.74715      0.22557      0.00076
TRANMISSION     10310.00      0.00494419      0.95177      0.94611      0.74601      0.21684      0.00072
TRANMISSION     10320.00      0.00490508      0.95179      0.94629      0.74472      0.20812      0.00068
TRANMISSION     10330.00      0.00486503      0.95181      0.94648      0.74363      0.19940      0.00065
TRANMISSION     10340.00      0.00482159      0.95182      0.94666      0.74237      0.19067      0.00061
TRANMISSION     10350.00      0.00481293      0.95184      0.94684      0.74131      0.18195      0.00059
TRANMISSION     10360.00      0.00485195      0.95185      0.94702      0.74011      0.17323      0.00056
TRANMISSION     10370.00      0.00487825      0.95187      0.94720      0.73901      0.16450      0.00053
TRANMISSION     10380.00      0.00485638      0.95189      0.94738      0.73762      0.15578      0.00050
TRANMISSION     10390.00      0.00481465      0.95190      0.94756      0.73643      0.14706      0.00047
TRANMISSION     10400.00      0.00488346      0.95192      0.94773      0.73523      0.13834      0.00045
TRANMISSION     10410.00      0.00488717      0.95193      0.94791      0.73398      0.13495      0.00044
TRANMISSION     10420.00      0.00481704      0.95195      0.94809      0.73271      0.13156      0.00042
TRANMISSION     10430.00      0.00479973      0.95197      0.94826      0.73146      0.12817      0.00041
TRANMISSION     10440.00      0.00502624      0.95198      0.94843      0.73018      0.12477      0.00041
TRANMISSION     10450.00      0.00502630      0.95200      0.94861      0.72890      0.12138      0.00040
TRANMISSION     10460.00      0.00497638      0.95201      0.94878      0.72774      0.11799      0.00039
TRANMISSION     10470.00      0.00500937      0.95203      0.94895      0.72642      0.11460      0.00038
TRANMISSION     10480.00      0.00502488      0.95205      0.94912      0.72508      0.11121      0.00037
TRANMISSION     10490.00      0.00504951      0.95206      0.94929      0.72379      0.10782      0.00036
TRANMISSION     10500.00      0.00511284      0.95208      0.94946      0.72252      0.10443      0.00035
TRANMISSION     10510.00      0.00526193      0.95209      0.94963      0.72109      0.10104      0.00035
TRANMISSION     10520.00      0.00542750      0.95211      0.94980      0.71972      0.09765      0.00034
TRANMISSION     10530.00      0.00518558      0.95212      0.94997      0.71849      0.09426      0.00032
TRANMISSION     10540.00      0.00523976      0.95214      0.95013      0.71721      0.09087      0.00031
TRANMISSION     10550.00      0.00544647      0.95216      0.95030      0.71597      0.08748      0.00031
TRANMISSION     10560.00      0.00556471      0.95217      0.95046      0.71464      0.08409      0.00030
TRANMISSION     10570.00      0.00558594      0.95219      0.95063      0.71341      0.08070      0.00029
TRANMISSION     10580.00      0.00554770      0.95220      0.95079      0.71199      0.07731      0.00028
TRANMISSION     10590.00      0.00552322      0.95222      0.95095      0.71072      0.07392      0.00026
TRANMISSION     10600.00      0.00563447      0.95224      0.95111      0.70938      0.07053      0.00026
TRANMISSION     10610.00      0.00590809      0.95225      0.95127      0.70808      0.06881      0.00026
TRANMISSION     10620.00      0.00597373      0.95227      0.95143      0.70676      0.06709      0.00026
TRANMISSION     10630.00      0.00602765      0.95228      0.95159      0.70549      0.06536      0.00025
TRANMISSION     10640.00      0.00607296      0.95230      0.95175      0.70418      0.06364      0.00025
TRANMISSION     10650.00      0.00606897      0.95232      0.95191      0.70291      0.06192      0.00024
TRANMISSION     10660.00      0.00602011      0.95233      0.95207      0.70169      0.06020      0.00023
TRANMISSION     10670.00      0.00601761      0.95235      0.95222      0.70028      0.05847      0.00022
TRANMISSION     10680.00      0.00618257      0.95236      0.95238      0.69905      0.05675      0.00022
TRANMISSION     10690.00      0.00643698      0.95238      0.95253      0.69824      0.05503      0.00022
TRANMISSION     10700.00      0.00656744      0.95240      0.95269      0.69750      0.05331      0.00022
TRANMISSION     10710.00      0.00650094      0.95241      0.95284      0.69681      0.05158      0.00021
TRANMISSION     10720.00      0.00641431      0.95243      0.95299      0.69608      0.04986      0.00020
TRANMISSION     10730.00      0.00644094      0.95244      0.95314      0.69545      0.04814      0.00020
TRANMISSION     10740.00      0.00659268      0.95246      0.95329      0.69474      0.04642      0.00019
TRANMISSION     10750.00      0.00670771      0.95248      0.95344      0.69402      0.04469      0.00019
TRANMISSION     10760.00      0.00673174      0.95249      0.95359      0.69328      0.04297      0.00018
TRANMISSION     10770.00      0.00669931      0.95251      0.95374      0.69260      0.04125      0.00017
TRANMISSION     10780.00      0.00672107      0.95252      0.95389      0.69180      0.03953      0.00017
TRANMISSION     10790.00      0.00691082      0.95254      0.95404      0.69108      0.03780      0.00016
TRANMISSION     10800.00      0.00716480      0.95256      0.95418      0.69028      0.03608      0.00016
TRANMISSION     10810.00      0.00718077      0.95257      0.95433      0.68890      0.00000      0.00000
TRANMISSION     10820.00      0.00709226      0.95259      0.95447      0.68762      0.00000      0.00000
TRANMISSION     10830.00      0.00718308      0.95260      0.95462      0.68635      0.00000      0.00000
TRANMISSION     10840.00      0.00746307      0.95262      0.95476      0.68498      0.00000      0.00000
TRANMISSION     10850.00      0.00730901      0.95264      0.95491      0.68375      0.00000      0.00000
TRANMISSION     10860.00      0.00719581      0.95265      0.95505      0.68233      0.00000      0.00000
TRANMISSION     10870.00      0.00742444      0.95267      0.95519      0.68097      0.00000      0.00000
TRANMISSION     10880.00      0.00764078      0.95268      0.95533      0.67934      0.00000      0.00000
TRANMISSION     10890.00      0.00781041      0.95270      0.95547      0.67806      0.00000      0.00000
TRANMISSION     10900.00      0.00778928      0.95272      0.95561      0.67676      0.00000      0.00000
TRANMISSION     10910.00      0.00768546      0.95273      0.95575      0.67530      0.00000      0.00000
TRANMISSION     10920.00      0.00773255      0.95275      0.95589      0.67396      0.00000      0.00000
TRANMISSION     10930.00      0.00793153      0.95276      0.95602      0.67266      0.00000      0.00000
TRANMISSION     10940.00      0.00826459      0.95278      0.95616      0.67120      0.00000      0.00000
TRANMISSION     10950.00      0.00831627      0.95280      0.95630      0.66962      0.00000      0.00000
TRANMISSION     10960.00      0.00794306      0.95281      0.95643      0.66804      0.00000      0.00000
TRANMISSION     10970.00      0.00772847      0.95283      0.95656      0.66701      0.00000      0.00000
TRANMISSION     10980.00      0.00807666      0.95284      0.95670      0.66578      0.00000      0.00000
TRANMISSION     10990.00      0.00843628      0.95286      0.95683      0.66487      0.00000      0.00000
TRANMISSION     11000.00      0.00857393      0.95288      0.95696      0.66314      0.00000      0.00000
